mean: 0.4917120812992833
split0: 0.4917120812992833
