mean: 0.5931060573497444
split0: 0.5931060573497444
